0.146966,0.146436,0.145748,0.137760,0.134792,0.133631,0.129164,0.114945,0.114804,0.110076,0.070404,0.029695
0.074907,0.072871,0.071234,0.070254,0.068361,0.068266,0.064073,0.062417,0.060805,0.058389,0.043853,0.010832
0.174743,0.170710,0.165641,0.163846,0.157182,0.151048,0.142299,0.136751,0.132590,0.128811,0.079346,0.031006
0.169771,0.169085,0.157194,0.148865,0.134005,0.131757,0.131045,0.126727,0.125776,0.124289,0.074651,0.034201
0.111321,0.107460,0.102828,0.088547,0.088519,0.085663,0.082862,0.080871,0.079708,0.078392,0.056213,0.017716
0.146803,0.145921,0.134015,0.132337,0.126619,0.122403,0.121167,0.120878,0.120473,0.118352,0.078889,0.025680
0.179002,0.173534,0.160465,0.146996,0.146093,0.141764,0.140472,0.136081,0.130973,0.128780,0.083287,0.031495
0.125381,0.123935,0.122721,0.119823,0.119119,0.109596,0.108531,0.103944,0.098209,0.097934,0.065773,0.023979
0.147867,0.143671,0.129322,0.122860,0.107697,0.104018,0.103508,0.097078,0.093069,0.092666,0.060021,0.024406
0.323753,0.322858,0.300188,0.284827,0.259471,0.252060,0.242574,0.235373,0.231970,0.231306,0.133018,0.065930
0.138724,0.133987,0.133525,0.120490,0.108861,0.104554,0.102617,0.098994,0.097619,0.096032,0.064022,0.021667
0.055874,0.052499,0.051798,0.047849,0.044342,0.044055,0.041872,0.041374,0.040465,0.040221,0.032824,0.007273
0.136878,0.135186,0.115119,0.114970,0.114354,0.113553,0.110023,0.103164,0.102048,0.100262,0.062884,0.027735
0.187486,0.186676,0.173296,0.162406,0.154799,0.148945,0.148027,0.143696,0.140851,0.131345,0.090060,0.043156
0.147238,0.142798,0.142638,0.136614,0.130550,0.129032,0.125811,0.110844,0.110068,0.108151,0.069508,0.025557
0.124579,0.123417,0.106314,0.104553,0.101531,0.096462,0.087101,0.083956,0.080388,0.078409,0.057220,0.021037
0.096082,0.091058,0.089277,0.085047,0.082074,0.081639,0.074664,0.073860,0.067834,0.065598,0.048023,0.014934
0.122968,0.120172,0.117987,0.116608,0.113361,0.110044,0.109712,0.094674,0.093935,0.093750,0.059919,0.023054
0.162113,0.154290,0.142522,0.135231,0.134739,0.132854,0.121465,0.120631,0.120418,0.113749,0.073786,0.028960
0.232170,0.218337,0.209430,0.187293,0.175941,0.172714,0.150826,0.150794,0.150344,0.150180,0.092262,0.035950
0.161344,0.148134,0.145681,0.144677,0.144304,0.141483,0.134703,0.128766,0.127513,0.118825,0.078112,0.029913
0.182623,0.180947,0.171851,0.170867,0.161866,0.160361,0.156088,0.145064,0.143623,0.141937,0.085767,0.032915
0.057458,0.054744,0.053874,0.053692,0.053224,0.051991,0.049889,0.049498,0.047896,0.047551,0.036818,0.007336
0.132387,0.125030,0.113486,0.111584,0.108826,0.102131,0.100282,0.099814,0.097626,0.096798,0.061820,0.021864
0.115673,0.113557,0.112908,0.108994,0.107031,0.101939,0.092997,0.089842,0.089723,0.088172,0.060647,0.018122
0.120929,0.116799,0.116337,0.112412,0.107153,0.104808,0.102268,0.099955,0.099457,0.098941,0.061417,0.024817
0.171278,0.170037,0.149840,0.138951,0.133466,0.131261,0.126648,0.124501,0.121715,0.112699,0.073201,0.033115
0.157621,0.157417,0.141432,0.133672,0.116650,0.113437,0.113234,0.111032,0.109075,0.104536,0.066377,0.028966
0.171096,0.167872,0.153470,0.132618,0.128068,0.123899,0.123285,0.119237,0.117180,0.115501,0.068623,0.028471
0.074221,0.073642,0.073295,0.072228,0.070539,0.069812,0.068676,0.067741,0.066581,0.065628,0.046088,0.012423
0.143534,0.142278,0.142048,0.140095,0.131193,0.126974,0.124796,0.124049,0.104735,0.103875,0.068739,0.031528
0.076742,0.071855,0.068703,0.066691,0.063951,0.061299,0.060042,0.058929,0.056149,0.055420,0.042227,0.010863
0.230128,0.223462,0.215986,0.201983,0.200093,0.182436,0.177921,0.176143,0.173452,0.166941,0.105290,0.049913
0.193123,0.180582,0.175347,0.151447,0.149694,0.143426,0.143378,0.142537,0.138069,0.135239,0.088244,0.032057
0.143486,0.141527,0.130027,0.127694,0.126593,0.124528,0.118148,0.115537,0.104659,0.101126,0.068351,0.026846
0.125628,0.119686,0.118829,0.113592,0.102939,0.102874,0.101655,0.095726,0.092012,0.088036,0.056572,0.021441
0.106243,0.103316,0.098735,0.096399,0.096006,0.092987,0.087788,0.085597,0.084286,0.082960,0.053180,0.017361
0.117436,0.117180,0.115683,0.114964,0.114963,0.110947,0.107774,0.102612,0.100600,0.099687,0.058213,0.026626
0.049316,0.046999,0.045411,0.045169,0.043902,0.042786,0.042566,0.042507,0.042379,0.041844,0.034134,0.005893
0.137599,0.128754,0.123022,0.097775,0.097029,0.096276,0.095131,0.090408,0.088436,0.086826,0.057174,0.023510
0.169753,0.156575,0.155630,0.155227,0.151967,0.146832,0.145864,0.127333,0.123561,0.118201,0.081144,0.036490
0.171376,0.164410,0.158941,0.145642,0.144741,0.141722,0.140366,0.137998,0.136535,0.133073,0.083663,0.029991
0.106892,0.101947,0.099343,0.094851,0.085424,0.085139,0.084183,0.079560,0.074434,0.073993,0.050806,0.017700
0.074200,0.068499,0.067581,0.066645,0.065346,0.065107,0.063145,0.061698,0.061575,0.058587,0.043207,0.011704
0.242479,0.230822,0.228644,0.219751,0.201764,0.198816,0.195993,0.182887,0.167921,0.163356,0.101405,0.049493
0.218900,0.213143,0.183217,0.177586,0.176944,0.176928,0.175161,0.158188,0.150808,0.142697,0.096319,0.046428
0.055113,0.053920,0.050126,0.047130,0.046051,0.045519,0.044294,0.041890,0.041725,0.041597,0.035660,0.006729
0.064829,0.061733,0.061553,0.056338,0.053301,0.049945,0.049900,0.049575,0.048596,0.048370,0.039952,0.007189
0.055045,0.045043,0.043932,0.043204,0.042749,0.042430,0.042049,0.041739,0.041691,0.041355,0.035111,0.005525
0.168372,0.163384,0.152747,0.135371,0.127752,0.109442,0.108838,0.099987,0.096897,0.096028,0.065874,0.030153
0.274302,0.255868,0.253513,0.221019,0.215154,0.214413,0.209904,0.195169,0.191305,0.185628,0.117821,0.050318
0.134952,0.130205,0.115563,0.110800,0.105719,0.102268,0.099289,0.092797,0.090954,0.088275,0.062230,0.023595
0.221409,0.206302,0.204329,0.170900,0.161693,0.157549,0.153960,0.152795,0.139393,0.137480,0.090002,0.039955
0.118873,0.113456,0.107417,0.095181,0.087850,0.084720,0.083401,0.081729,0.080342,0.080072,0.050867,0.015854
0.117463,0.112049,0.103579,0.091690,0.091201,0.090066,0.086435,0.079113,0.077057,0.076748,0.053194,0.019745
0.252602,0.246388,0.223431,0.213255,0.210622,0.202416,0.199733,0.193574,0.177577,0.170229,0.098295,0.047486
0.061242,0.059850,0.059309,0.057582,0.056236,0.056014,0.054592,0.053700,0.053601,0.051102,0.041096,0.010233
0.118380,0.115099,0.113802,0.112002,0.106877,0.100668,0.098417,0.098115,0.083920,0.083118,0.056150,0.023839
0.264024,0.259376,0.244712,0.234360,0.228684,0.221710,0.208494,0.201834,0.190733,0.186071,0.109426,0.054035
0.104914,0.101731,0.095519,0.093408,0.091599,0.083640,0.077328,0.076765,0.074639,0.073129,0.051194,0.017713
0.088614,0.087950,0.086124,0.082239,0.074449,0.074308,0.072022,0.058320,0.055213,0.055021,0.043223,0.014621
0.057209,0.055268,0.047986,0.046154,0.045351,0.043941,0.043602,0.038933,0.037716,0.036965,0.034981,0.008398
0.170973,0.163901,0.161460,0.145262,0.138136,0.133325,0.131671,0.130523,0.130377,0.130227,0.084913,0.032008
0.159231,0.153329,0.149781,0.144351,0.143463,0.134514,0.131278,0.130817,0.125786,0.102860,0.069559,0.029717
0.104038,0.099879,0.096617,0.094088,0.091754,0.091184,0.086355,0.082912,0.082051,0.081801,0.054242,0.019951
0.193405,0.169529,0.148123,0.139546,0.120988,0.093098,0.088013,0.085960,0.085664,0.084970,0.062082,0.028069
0.196331,0.188441,0.187951,0.184221,0.183810,0.171321,0.168390,0.165172,0.157109,0.146931,0.092379,0.044530
0.133015,0.131281,0.123418,0.118993,0.113334,0.112169,0.107294,0.105355,0.103323,0.102926,0.066498,0.027036
0.059393,0.054657,0.054095,0.053947,0.053857,0.051303,0.046766,0.046456,0.044379,0.044259,0.036179,0.007879
0.068257,0.068050,0.067830,0.061659,0.059918,0.059250,0.058752,0.055329,0.053748,0.053501,0.040711,0.009603
0.102754,0.100624,0.099373,0.095471,0.094639,0.091417,0.091008,0.088215,0.085738,0.085697,0.051791,0.018146
0.151414,0.150841,0.141346,0.132521,0.129375,0.123494,0.123312,0.122514,0.115092,0.114918,0.069936,0.030569
0.059899,0.059646,0.053063,0.050564,0.048784,0.045178,0.044460,0.042775,0.041343,0.036944,0.036187,0.011253
0.077663,0.077186,0.076957,0.076843,0.076266,0.076120,0.075717,0.075566,0.075482,0.075254,0.054783,0.012644
0.067564,0.064353,0.056557,0.054612,0.052798,0.052071,0.051661,0.050693,0.050576,0.047494,0.038209,0.008873
0.238685,0.232713,0.216011,0.207742,0.207046,0.192663,0.181578,0.180662,0.180549,0.180119,0.112520,0.041168
0.053362,0.046765,0.046152,0.042547,0.040159,0.039467,0.037117,0.035681,0.033383,0.030688,0.031192,0.006825
0.043893,0.043477,0.042610,0.042163,0.040794,0.037800,0.037171,0.036992,0.036494,0.036339,0.033128,0.005046
0.349389,0.331792,0.324647,0.293368,0.291940,0.277817,0.277182,0.269765,0.264994,0.250669,0.168328,0.070433
0.149624,0.144243,0.140687,0.138835,0.133368,0.127038,0.124330,0.122815,0.119058,0.117682,0.071690,0.031615
0.214969,0.199690,0.198013,0.163545,0.158532,0.155142,0.150968,0.150205,0.137733,0.135277,0.089785,0.043951
0.078994,0.077907,0.076937,0.074342,0.069212,0.068428,0.068364,0.063720,0.060252,0.059853,0.042721,0.012216
0.113839,0.111931,0.098036,0.097877,0.091145,0.083085,0.078256,0.075741,0.066668,0.064648,0.052372,0.017694
0.091470,0.075329,0.070309,0.064075,0.063895,0.063455,0.061881,0.060774,0.060234,0.058972,0.044432,0.011875
0.073148,0.063283,0.056532,0.050865,0.047539,0.045645,0.042744,0.042064,0.039782,0.039315,0.034485,0.010062
0.045535,0.039133,0.037577,0.036718,0.036627,0.036478,0.035517,0.034304,0.034200,0.033890,0.029233,0.005591
0.098978,0.096439,0.094206,0.084693,0.083302,0.083066,0.082282,0.077771,0.072702,0.070314,0.049345,0.019016
0.051183,0.048556,0.048051,0.045442,0.045071,0.041768,0.041743,0.040356,0.039868,0.038719,0.033173,0.006890
0.043324,0.043074,0.042695,0.041721,0.041359,0.040163,0.038057,0.037662,0.036401,0.036003,0.032197,0.004931
0.074622,0.060501,0.057289,0.056217,0.054873,0.054827,0.053573,0.052869,0.050637,0.049936,0.038155,0.009930
0.069321,0.054334,0.052652,0.051835,0.051769,0.051671,0.042734,0.040271,0.037737,0.035793,0.035799,0.010952
0.045047,0.044377,0.042886,0.041763,0.040895,0.038743,0.038519,0.038460,0.038402,0.037331,0.031739,0.005895
0.057791,0.056742,0.050747,0.049311,0.046652,0.045546,0.044643,0.042449,0.042340,0.041887,0.034423,0.007086
0.042643,0.041606,0.039389,0.038313,0.036643,0.035349,0.033094,0.032362,0.030980,0.030647,0.029883,0.005723
0.087060,0.083189,0.082901,0.080099,0.077552,0.076923,0.076102,0.075964,0.070775,0.070356,0.052161,0.012619
0.083975,0.081992,0.076691,0.072788,0.069649,0.066872,0.064554,0.061708,0.061159,0.056344,0.042396,0.011681
0.093775,0.093199,0.079996,0.078455,0.078242,0.075363,0.073830,0.070460,0.068253,0.067425,0.045921,0.014241
0.059533,0.053125,0.045212,0.038868,0.037485,0.036671,0.035117,0.034860,0.033954,0.033226,0.032130,0.007703
0.093922,0.076087,0.075383,0.075273,0.070566,0.057145,0.056904,0.054616,0.054226,0.052615,0.043611,0.013532
0.054550,0.051361,0.048248,0.048142,0.047259,0.047165,0.047031,0.044985,0.044246,0.043317,0.035422,0.006939
0.063300,0.061552,0.046576,0.044827,0.042493,0.039376,0.038503,0.038233,0.037113,0.036735,0.035506,0.009015
0.066093,0.064290,0.062889,0.057293,0.052484,0.051993,0.048041,0.046850,0.046468,0.045692,0.036657,0.008697
0.257242,0.252993,0.226419,0.222932,0.195108,0.191141,0.188421,0.187513,0.184758,0.179121,0.126212,0.052172
0.190788,0.187641,0.181322,0.176821,0.173147,0.161587,0.158473,0.153723,0.152331,0.124596,0.084216,0.040492
0.089682,0.089576,0.088289,0.086619,0.086577,0.084374,0.084096,0.080905,0.078266,0.072775,0.048931,0.016235
0.052058,0.051592,0.051230,0.046609,0.046513,0.046085,0.045657,0.045086,0.043956,0.043381,0.036022,0.006312
0.144463,0.136403,0.135529,0.125071,0.122128,0.120378,0.118594,0.114777,0.114703,0.114160,0.082458,0.023122
0.087735,0.082013,0.080498,0.077201,0.071359,0.068684,0.064175,0.063026,0.062840,0.062396,0.046313,0.011196
0.059955,0.053001,0.048775,0.047277,0.046581,0.045347,0.045337,0.041074,0.040912,0.040653,0.035583,0.007878
0.068671,0.065473,0.064953,0.058184,0.057152,0.056887,0.056867,0.056548,0.056395,0.055797,0.043131,0.009439
0.044765,0.040264,0.038660,0.037059,0.036339,0.035948,0.034327,0.033850,0.032774,0.032080,0.029840,0.004670
0.207912,0.207065,0.198648,0.186316,0.184268,0.184067,0.181530,0.177548,0.173072,0.171691,0.111584,0.039075
0.098562,0.094525,0.085252,0.084607,0.081720,0.079085,0.079072,0.077481,0.077354,0.076512,0.050876,0.014756
0.065908,0.057372,0.056392,0.054153,0.054121,0.052857,0.051435,0.051280,0.048398,0.048223,0.037866,0.008385
0.164458,0.159267,0.154698,0.154160,0.146391,0.135413,0.135325,0.125460,0.121601,0.119760,0.080301,0.029813
0.071566,0.070756,0.069422,0.063757,0.059422,0.057812,0.051259,0.050419,0.050275,0.049125,0.038225,0.009018
0.067689,0.066927,0.061596,0.058951,0.058632,0.058136,0.057597,0.057093,0.056988,0.054230,0.042704,0.008164
0.090106,0.088239,0.078445,0.077366,0.077314,0.077282,0.076464,0.075532,0.075088,0.073587,0.050646,0.015055
0.065180,0.059766,0.058540,0.056881,0.054678,0.051754,0.051718,0.049222,0.048853,0.048764,0.038405,0.009157
0.113456,0.104628,0.101520,0.095681,0.090205,0.088046,0.078709,0.078246,0.077305,0.065414,0.051423,0.020426
0.099529,0.097427,0.097114,0.094402,0.091480,0.086502,0.084377,0.083617,0.083264,0.082705,0.059750,0.017031
0.062597,0.061028,0.057078,0.054745,0.054119,0.053001,0.051036,0.050446,0.050399,0.048793,0.037808,0.010722
0.061856,0.061603,0.054701,0.054082,0.054068,0.053797,0.050347,0.048541,0.045474,0.044577,0.038275,0.006701
0.061216,0.053983,0.043245,0.041751,0.040171,0.039767,0.038670,0.038544,0.038250,0.037707,0.033400,0.006448
0.052495,0.049486,0.048550,0.048523,0.047248,0.046178,0.044686,0.044273,0.043850,0.043320,0.034946,0.006789
0.050538,0.044753,0.043699,0.042181,0.042172,0.042108,0.041341,0.040824,0.037878,0.036891,0.031691,0.007013
0.128081,0.125723,0.120472,0.116190,0.113046,0.107368,0.106787,0.104879,0.104198,0.102275,0.071210,0.020280
0.077571,0.076542,0.072987,0.070447,0.068766,0.068469,0.065708,0.063554,0.056903,0.055915,0.043345,0.011226
0.053318,0.053032,0.052227,0.052188,0.049441,0.047863,0.041614,0.040034,0.039640,0.036237,0.033365,0.008198
0.176085,0.170217,0.159126,0.135858,0.133765,0.133332,0.130513,0.129555,0.127695,0.121584,0.074864,0.033469
0.058311,0.056987,0.054031,0.050118,0.047843,0.044890,0.040259,0.038905,0.038143,0.037767,0.034704,0.008759
0.100865,0.100378,0.094031,0.088737,0.085448,0.085081,0.082104,0.075241,0.074767,0.073315,0.055701,0.020481
0.073836,0.061311,0.058769,0.056084,0.055179,0.046806,0.045277,0.041457,0.040882,0.040169,0.036452,0.010285
0.053522,0.051174,0.048568,0.048378,0.043752,0.039983,0.038888,0.038385,0.038072,0.036801,0.032761,0.007133
0.184073,0.182616,0.175863,0.169824,0.159706,0.156537,0.149182,0.147877,0.126225,0.125391,0.076048,0.034364
0.052988,0.049423,0.048853,0.046159,0.042319,0.042180,0.039666,0.038674,0.037860,0.036947,0.032240,0.007005
0.038254,0.037709,0.035160,0.035147,0.033743,0.031686,0.029456,0.028872,0.028801,0.028663,0.028153,0.004081
0.277776,0.274362,0.259143,0.256356,0.240921,0.231919,0.230241,0.213825,0.212065,0.209056,0.126499,0.055077
0.062090,0.050025,0.048890,0.048878,0.046240,0.045697,0.044048,0.043928,0.041864,0.040647,0.033777,0.007806
0.504369,0.486923,0.481311,0.420777,0.414112,0.406203,0.386822,0.375347,0.371890,0.370736,0.251408,0.107079
0.214424,0.207225,0.203291,0.185842,0.181158,0.178783,0.178427,0.160936,0.155116,0.142307,0.086750,0.047325
0.130710,0.127850,0.123506,0.121507,0.115765,0.115116,0.114879,0.111869,0.110412,0.109392,0.067725,0.026236
0.058891,0.057227,0.052603,0.052058,0.051071,0.046906,0.046902,0.046347,0.044887,0.044757,0.036614,0.007789
0.087092,0.082995,0.072815,0.066675,0.061115,0.060723,0.057915,0.055435,0.055431,0.052666,0.040940,0.013368
0.087469,0.087056,0.079611,0.078848,0.077338,0.076395,0.071886,0.068652,0.067909,0.066819,0.045959,0.015377
0.152888,0.150226,0.140036,0.138039,0.134703,0.130984,0.127380,0.118316,0.115896,0.115719,0.077985,0.023988
0.069524,0.069055,0.064807,0.061233,0.061158,0.058271,0.057430,0.055939,0.052805,0.048171,0.037845,0.010177
0.054185,0.053550,0.051755,0.051699,0.048615,0.047455,0.047275,0.045357,0.045276,0.044899,0.036681,0.007337
0.175201,0.166301,0.161646,0.155948,0.155474,0.155327,0.141238,0.129712,0.127075,0.125179,0.076889,0.036364
0.058339,0.054697,0.053843,0.050188,0.048920,0.048614,0.045457,0.044792,0.041495,0.040869,0.036169,0.009969
0.074585,0.070682,0.069143,0.059574,0.056821,0.052135,0.049584,0.049008,0.049005,0.048804,0.038221,0.010882
0.049704,0.045838,0.043386,0.042082,0.040695,0.040282,0.038345,0.037749,0.036763,0.036266,0.032868,0.005706
0.056711,0.054755,0.053345,0.052943,0.052211,0.050936,0.049839,0.047495,0.044899,0.044487,0.036813,0.007208
0.059663,0.058499,0.052446,0.051136,0.049024,0.049008,0.048767,0.046838,0.046286,0.045712,0.036403,0.008119
0.069378,0.065131,0.063510,0.062606,0.060112,0.057189,0.056703,0.055031,0.054158,0.052723,0.038181,0.010041
0.059645,0.051642,0.049272,0.049154,0.045436,0.045247,0.045150,0.044130,0.040568,0.039513,0.034255,0.008344
0.060638,0.058767,0.057530,0.056917,0.053257,0.050508,0.050086,0.048136,0.047547,0.047264,0.038553,0.010027
0.052756,0.052727,0.052509,0.052023,0.048298,0.048185,0.047671,0.046635,0.042483,0.041620,0.035984,0.008404
0.044068,0.043464,0.043136,0.041442,0.038753,0.038701,0.038662,0.038641,0.038193,0.037441,0.033349,0.005257
0.057677,0.052131,0.051197,0.050754,0.048947,0.046215,0.044323,0.043229,0.042872,0.040438,0.034047,0.007993
0.163784,0.157173,0.154083,0.146120,0.136517,0.133987,0.129913,0.122434,0.117271,0.113815,0.068038,0.030239
0.061507,0.051364,0.049414,0.048183,0.047377,0.047140,0.046849,0.046493,0.045235,0.044677,0.036996,0.007207
0.149444,0.145929,0.131976,0.130185,0.120158,0.116725,0.109909,0.107139,0.106936,0.100588,0.063966,0.028410
0.096520,0.094480,0.080434,0.080156,0.079596,0.076309,0.072380,0.062724,0.062688,0.058844,0.045020,0.015653
0.054312,0.043448,0.042606,0.040863,0.039738,0.039702,0.037093,0.036912,0.035236,0.033317,0.032441,0.006850
0.064639,0.063620,0.059978,0.057062,0.056051,0.053196,0.049599,0.049335,0.046198,0.045270,0.038136,0.010697
0.059166,0.053794,0.052349,0.051354,0.050999,0.050626,0.050166,0.045352,0.043908,0.043364,0.035623,0.008078
0.071833,0.061154,0.059093,0.057052,0.055211,0.052326,0.047826,0.047743,0.046299,0.046054,0.037789,0.008385
0.073516,0.069503,0.068479,0.057025,0.055281,0.053616,0.053379,0.051954,0.049423,0.049160,0.038289,0.009906
0.072904,0.071336,0.070318,0.064477,0.064218,0.063357,0.063015,0.060888,0.060802,0.060187,0.045621,0.010299
0.051764,0.050609,0.043628,0.041957,0.038951,0.036567,0.034662,0.034316,0.033940,0.033695,0.030790,0.006314
0.131132,0.124621,0.118842,0.109444,0.097902,0.093581,0.093505,0.089657,0.089113,0.087061,0.053757,0.021683
0.054786,0.049366,0.045186,0.043173,0.042952,0.039363,0.038841,0.038168,0.036166,0.035088,0.032654,0.007954
0.042897,0.040622,0.039885,0.039620,0.038422,0.037954,0.037093,0.036381,0.036338,0.035811,0.032128,0.004476
0.058632,0.053911,0.052083,0.051627,0.051560,0.049661,0.047767,0.047261,0.045941,0.045092,0.036959,0.007399
0.053212,0.050149,0.043555,0.042475,0.041174,0.040729,0.039855,0.039061,0.039001,0.038063,0.034218,0.006324
0.053101,0.051869,0.051031,0.048985,0.048878,0.044619,0.043031,0.042013,0.041784,0.041654,0.035562,0.007355
0.053532,0.047359,0.042135,0.039652,0.039360,0.038587,0.038386,0.037072,0.036745,0.035492,0.031925,0.005875
0.058105,0.054644,0.051471,0.045908,0.044890,0.044442,0.044372,0.043652,0.042902,0.041661,0.035299,0.007050
0.055311,0.046775,0.046668,0.045677,0.045341,0.044828,0.044565,0.044095,0.043785,0.042596,0.035340,0.006331
0.056618,0.055748,0.054312,0.045724,0.044466,0.041622,0.041556,0.040891,0.040526,0.040519,0.035378,0.008014
0.071205,0.063569,0.058353,0.057652,0.056579,0.055853,0.055586,0.054810,0.053791,0.053513,0.037409,0.011831
0.468445,0.447237,0.436617,0.380060,0.370592,0.367558,0.365540,0.357426,0.333377,0.323685,0.218768,0.099690
0.057161,0.054252,0.053438,0.045898,0.042884,0.038340,0.037559,0.036974,0.036742,0.036540,0.032830,0.008714
0.066023,0.054871,0.052712,0.051041,0.050811,0.048968,0.047862,0.045313,0.041789,0.039305,0.035287,0.007865
0.041425,0.040706,0.040233,0.039975,0.038453,0.038256,0.038023,0.037147,0.036817,0.036263,0.030666,0.005297
0.057157,0.055064,0.048956,0.048567,0.045818,0.045365,0.043744,0.042268,0.041824,0.041424,0.033968,0.007824
0.052352,0.051817,0.045968,0.045769,0.044158,0.044136,0.043093,0.042593,0.040778,0.040500,0.034211,0.006676
0.049600,0.049493,0.046650,0.045684,0.045624,0.045525,0.042757,0.042431,0.042309,0.041741,0.034173,0.005703
0.057918,0.055272,0.053638,0.050660,0.049579,0.048197,0.048056,0.045870,0.045783,0.044559,0.036086,0.007126
0.053306,0.046325,0.041543,0.041396,0.041172,0.040399,0.039183,0.037523,0.037253,0.037238,0.032734,0.006482
0.048732,0.042340,0.039535,0.035641,0.029916,0.028178,0.027212,0.026894,0.026808,0.026531,0.032506,0.007859
0.105053,0.098246,0.096425,0.090517,0.088191,0.086857,0.083777,0.082804,0.078410,0.078204,0.051548,0.017197
0.063156,0.058878,0.058285,0.056971,0.055137,0.054747,0.053206,0.051156,0.050323,0.049282,0.038721,0.008429
0.059729,0.054991,0.041394,0.037365,0.035491,0.035424,0.034881,0.034449,0.034445,0.032484,0.030808,0.007713
0.040220,0.038238,0.037980,0.037145,0.036376,0.036278,0.036259,0.035884,0.034930,0.034793,0.031200,0.003967
0.063047,0.051250,0.047544,0.047500,0.043835,0.039381,0.036938,0.035902,0.035161,0.034788,0.033733,0.008482
0.042602,0.042392,0.041314,0.041196,0.040224,0.037861,0.035287,0.034615,0.034097,0.034065,0.031119,0.006028
0.093596,0.091962,0.084630,0.083104,0.080176,0.078689,0.074026,0.073618,0.071531,0.070223,0.049872,0.013213
0.351003,0.339381,0.330329,0.298508,0.289467,0.285461,0.281124,0.257664,0.229129,0.222120,0.139983,0.069618
0.183925,0.174906,0.164604,0.157842,0.157829,0.146399,0.142435,0.136238,0.129137,0.128743,0.088464,0.037642
0.144876,0.142017,0.124640,0.112377,0.111205,0.107485,0.106258,0.097088,0.094908,0.087525,0.058008,0.022321
0.075990,0.070050,0.065131,0.063718,0.057046,0.054671,0.052058,0.051865,0.051167,0.047775,0.040966,0.010356
0.054738,0.051910,0.046805,0.045433,0.044943,0.043401,0.042683,0.042098,0.041412,0.041019,0.033660,0.007108
0.086861,0.086368,0.082483,0.072791,0.066175,0.060758,0.048805,0.047307,0.042055,0.038867,0.038232,0.014722
0.214428,0.208152,0.197902,0.185129,0.178720,0.172193,0.167652,0.160493,0.154989,0.151714,0.092504,0.047663
0.057190,0.056909,0.045937,0.045125,0.042799,0.042750,0.041424,0.040560,0.040120,0.037838,0.032959,0.007328
0.050248,0.045641,0.044408,0.044195,0.043878,0.043316,0.042520,0.041288,0.041003,0.040577,0.033655,0.005724
0.048189,0.047800,0.047220,0.046852,0.044145,0.044115,0.042537,0.042428,0.041206,0.039957,0.034996,0.005260
0.061431,0.060981,0.056130,0.051747,0.051129,0.050870,0.049696,0.049548,0.048943,0.047703,0.036345,0.008189
0.049638,0.046171,0.046125,0.045968,0.044787,0.044619,0.044343,0.043805,0.043679,0.041827,0.034969,0.006123
0.053145,0.050614,0.049614,0.042610,0.042015,0.040566,0.039839,0.039503,0.039326,0.038971,0.032640,0.006551
0.221824,0.206705,0.204827,0.203241,0.201366,0.188629,0.185090,0.168827,0.167247,0.165014,0.110552,0.046468
0.108373,0.104329,0.100817,0.100097,0.099511,0.099421,0.091784,0.083995,0.080755,0.079151,0.053548,0.017626
0.056021,0.051651,0.049775,0.046693,0.045151,0.044138,0.043755,0.043430,0.042027,0.041688,0.036000,0.006348
0.300879,0.296160,0.254883,0.249289,0.246146,0.240775,0.234342,0.222338,0.198541,0.196548,0.126015,0.063325
0.073130,0.063012,0.056637,0.055568,0.054556,0.054383,0.054258,0.053052,0.051829,0.051505,0.038367,0.008862
0.048842,0.047367,0.044015,0.043866,0.042084,0.040444,0.040014,0.039662,0.037577,0.035897,0.032296,0.005511
0.052530,0.051756,0.049872,0.046569,0.045289,0.043974,0.043824,0.043422,0.043101,0.041328,0.035272,0.006059
0.082546,0.078692,0.075011,0.066348,0.065212,0.062319,0.060770,0.060746,0.060042,0.059906,0.042479,0.011746
0.189494,0.185548,0.168235,0.164257,0.161963,0.146064,0.146025,0.142466,0.137190,0.130187,0.075141,0.031222
0.283762,0.275310,0.267136,0.241707,0.228789,0.209066,0.208095,0.201159,0.198340,0.195390,0.123540,0.060355
0.170582,0.164587,0.162089,0.156164,0.147785,0.143163,0.142079,0.139243,0.136014,0.135188,0.086909,0.036484
0.111901,0.097012,0.096399,0.091061,0.090564,0.090535,0.089465,0.086369,0.085622,0.082474,0.055310,0.019571
0.058178,0.056129,0.055716,0.052759,0.052655,0.051386,0.050624,0.049060,0.046616,0.046126,0.038029,0.008176
0.073302,0.064861,0.059183,0.053512,0.053195,0.052895,0.051204,0.050280,0.049871,0.048418,0.037462,0.010404
0.052015,0.051892,0.050875,0.049922,0.049305,0.048948,0.046813,0.041709,0.040634,0.040545,0.035152,0.007699
0.046442,0.045428,0.043950,0.040505,0.040114,0.039723,0.039412,0.039336,0.038828,0.038619,0.031893,0.006376
0.047740,0.046972,0.046621,0.045667,0.043684,0.042621,0.041652,0.041231,0.041075,0.040310,0.034895,0.005747
0.066697,0.059932,0.053572,0.046537,0.043177,0.042758,0.042467,0.042431,0.041947,0.040313,0.034103,0.008274
0.216738,0.207632,0.196662,0.169575,0.164658,0.163865,0.162897,0.162095,0.149762,0.147347,0.089400,0.043605
0.053403,0.052757,0.038373,0.038034,0.036017,0.035085,0.034988,0.034807,0.034625,0.034000,0.031780,0.006655
0.040622,0.040613,0.039668,0.037114,0.037073,0.034946,0.033901,0.032982,0.031839,0.031748,0.030677,0.004977
0.054782,0.049177,0.044535,0.043773,0.043436,0.043421,0.042587,0.041902,0.040574,0.039787,0.033973,0.007808
0.059020,0.058138,0.056493,0.051911,0.051435,0.048773,0.046937,0.046655,0.044716,0.044176,0.034944,0.008882
0.149231,0.147962,0.131165,0.128487,0.128290,0.126253,0.119331,0.119291,0.112238,0.104069,0.062347,0.029039
0.069860,0.056534,0.055887,0.054472,0.050187,0.050172,0.049654,0.049439,0.048925,0.047732,0.035980,0.008730
0.058318,0.048824,0.045756,0.044187,0.043353,0.042802,0.039731,0.038782,0.037694,0.036508,0.033406,0.007271
